Liczba: 23 ma dzielniki: [1, 23]
Liczba: 23 ma dzielniki: [1, 23]
Liczba: 0 ma dzielniki: [0]
Liczba: 1 ma dzielniki: [1]
Liczba: 23 ma dzielniki: [1, 23]
Liczba: 23423 ma dzielniki: [1, 59, 397, 23423]
Liczba: 32437 ma dzielniki: [1, 163, 199, 32437]
Liczba: 243243 ma dzielniki: [1, 3, 7, 9, 11, 13, 21, 27, 33, 39, 63, 77, 81, 91, 99, 117, 143, 189, 231, 243, 273, 297, 351, 429, 567, 693, 819, 891, 1001, 1053, 1287, 1701, 2079, 2457, 2673, 3003, 3159, 3861, 6237, 7371, 9009, 11583, 18711, 22113, 27027, 34749, 81081, 243243]
Liczba: 2452 ma dzielniki: [1, 2, 4, 613, 1226, 2452]
Liczba: 423452 ma dzielniki: [1, 2, 4, 105863, 211726, 423452]
Liczba: 3456537 ma dzielniki: [1, 3, 7, 19, 21, 57, 133, 399, 8663, 25989, 60641, 164597, 181923, 493791, 1152179, 3456537]
